processes: 1 
0.137532
0.0861323
0.0920465
0.051978
0.0393611
0.0502875
0.0633206
processes: 2 
0.0827959
0.0568016
0.0342423
0.028916
0.0498429
0.0381988
0.0333987
processes: 4 
0.052449
0.0273309
0.0386157
0.0414786
0.026602
0.0305508
0.0296656
processes: 8 
0.0305977
0.0384494
0.032571
0.0304553
0.0321422
0.0312106
0.0344814
processes: 10 
0.0342537
0.0308348
0.0285115
0.0294394
0.0313561
0.0302553
0.02919
processes: 12 
0.0300689
0.0351265
0.0304306
0.0285814
0.0301348
0.0315088
0.0348781
processes: 16 
0.0321142
0.0316091
0.0293936
0.0337664
0.0368026
0.0336487
0.0345371
